mean: 0.8913043478260871, std: 0.03125196906209832 INSIDE
mean: 0.9202898550724636, std: 0.02843683604398346 OUTSIDE
