mean: 0.2292307692307692, std: 0.03111345910177952 inside
mean: 0.40307692307692305, std: 0.050465290667251465 outside
