mean: 0.6685185185185185, std: 0.05764586080101252 INSIDE
mean: 0.6796296296296297, std: 0.044636928863681286 outside
