mean: 0.69375, std: 0.06525191568069094 inside
mean: 0.70625, std: 0.040019526483955306 outside