mean: 0.691304347826087, std: 0.049381811702611036 inside
mean: 0.7869565217391303, std: 0.06579454761052851 outside